0.322216931079 0.320975546687 0.0640597980361 1.05161510223 0.495153200204 -0.97525526882 -0.402655133081 0.0622838561585 -0.116244696595 -0.748018357969 0.0783024597349 0.319622893906 -0.0766572888956 
0.352022936868 0.869812597559 0.491700133338 -0.544062599705 -0.762900093652 0.322279970334 0.716625664611 -0.853331189284 -0.873528621875 0.223489860155 0.247592650357 0.569021697732 -0.421477664996 
-0.90718468064 -1.02406632752 0.282152614508 -0.327411764845 0.252214965202 0.382847124751 -0.195221991021 0.26624406876 0.166793317682 0.215618010307 0.0621549547266 0.100484392372 0.645392530493 
0.54785103942 0.344201667559 -0.837143329235 -0.683621470819 -0.528531701004 0.653159265215 0.347484716107 0.145288202465 0.557961403141 0.626791159889 -0.376854338243 -1.009900349 -0.489691424267 
0.77249783822 0.700486967701 -0.817087658833 -0.798220865584 -0.848045205563 0.248352931786 0.6123021569 -0.469803263724 -0.209464572955 0.767324959023 0.922783238004 -0.0469141305827 -0.749462165727 
-0.882906802203 -1.11234071669 0.271187342054 -0.351678548016 0.441834412253 0.644226018776 0.0180063114497 0.324055440552 0.194917587162 0.275671452257 -0.282241562288 -0.227203434439 0.835096983038 
0.649183568447 0.255642052455 -0.531510566542 0.909147127463 0.219153796154 -1.09096270701 -1.02454196888 -0.158165718113 0.79468324718 -0.600702523168 -0.502650765304 0.654199092227 0.0876817368658 
-0.210310274589 0.500372694434 0.919294203407 0.397591457719 0.0622256254873 -0.0750745445578 0.305203478321 0.184634558921 -0.755408466825 -0.548012130374 -0.0816884673493 -0.253714697165 -0.410851869019 
-0.766954606811 -0.821685587064 0.40081612797 -0.280821293823 0.538804907754 0.253785696644 -0.616330514491 0.523611471511 0.28425759219 0.285219747465 -0.159627777738 0.0749248049902 0.424523962868 
0.529737067969 0.382259703853 -0.948622012632 -0.773600164514 -0.789691853521 0.689603382789 0.819629125027 0.045909068868 0.319975623032 0.611552548834 0.558060418202 -0.803414084449 -0.522709974544 
0.610345223731 -0.17885670725 -0.127347242864 1.28552410752 0.217708114495 -1.25539909394 -0.463223551366 -0.348170385822 0.0514443460654 -0.663112795225 -0.0257109679449 0.671887967894 -0.0696491140812 
-0.347421663806 0.815182543075 0.909715352955 0.045889067426 0.109136855347 0.0761838464042 0.231071489126 -0.410425056018 -0.904252653526 -0.518282032878 -0.529834298396 0.272626992131 0.215214907034 
0.337129787966 0.845995150985 0.120962013224 -0.555615561518 -1.19025439156 -0.0321428113131 1.2134895908 -0.218444939731 -0.751873227341 -0.384246917823 0.0254208765501 0.420476022744 0.343252064492 
0.55806531467 0.414231802957 -0.839183046001 -0.102035095435 -0.289752933988 0.210884219267 -0.124816201187 -0.452058784193 0.455458226096 0.399827943878 0.599188506581 -0.673522070539 -0.549010127759 
0.351910450937 0.238225146737 -0.35121757561 1.23415055228 0.167262180797 -1.1443207103 -0.906552286589 0.0983998195943 0.451628660898 -0.935463265698 0.048850270643 0.748244082838 -0.16802224989 
-0.911535993015 -0.973441080487 0.923433229875 -0.437753794489 0.772497608213 0.588255196047 0.0789487407758 0.454837565065 -0.315181029637 0.46426839167 -0.583676301099 -0.113097753792 0.42470467787 
0.678458771956 0.392048892112 -0.953595313121 -0.124737147641 0.0606271089548 -0.0889718229481 -0.456284196582 0.0344381382708 0.890153985362 0.793959062599 -0.207917967108 -0.642003167172 0.102843497257 
-0.941649802421 -0.944954847832 0.848303952442 -0.419605349647 0.534122756562 0.658945915078 -0.20428279422 0.26952325271 -0.0107922985695 -0.0154171351157 -0.244416373058 -0.145541468493 0.445789047661 
0.503248201471 0.829814706189 -0.440231975002 -0.786106174913 -1.23341486228 0.440850920584 1.26493672631 -0.47384232892 -0.4902122006 0.43057046501 0.609339587097 0.188383802014 -0.659607137417 
0.271533014239 0.28493366386 0.00092847311944 1.06431694298 0.104102001834 -0.96790398685 -0.211073588625 -0.0424887647962 -0.342933771661 -0.837639408249 0.0579861207363 0.526722874974 -0.181287327053 
0.651594962435 0.0730462346488 0.160622661603 1.28178825576 -1.0450882779 -1.03575924266 -0.0415712602446 0.0320004420185 -0.0556024546186 0.0687571996532 0.718264988382 -0.408882502546 0.127494260848 
-0.174517204052 0.652258030377 0.445795756429 0.0389492648299 0.204319175129 0.204538347052 -0.280650850324 -0.673083378854 -0.449093202154 0.303131367747 -0.0847217687136 -0.378465662218 -0.183217472611 
0.833048067053 0.451882191471 -1.26935710147 -0.61289527484 0.147613383633 0.562232552997 0.689263080914 0.542030846905 0.482326727597 -0.615676021578 -0.840259535265 0.0103966015786 0.148798277723 
-0.908754001931 -0.929139358418 0.395277968147 -0.530484836257 0.478220492707 0.179531826743 -0.214675948694 0.171517527816 0.085266114319 0.123964877189 0.143512201231 0.612769572202 -0.0402300298715 
0.544718046153 0.275696097204 -0.0900011957318 1.24460521435 -0.0913301883847 -1.25743469211 -0.545140998333 0.17044725255 0.0870205062445 -1.07421323578 0.812556452951 0.0835030528493 -0.25667264213 
-0.668337112742 -0.966260573773 0.480303795779 -0.284300069231 0.428597354122 0.362566884812 0.0506550978773 0.186345030626 -0.0301118706487 0.439648310982 -0.617343712588 0.604436268611 0.233846823533 
-0.012770598809 0.815814074246 0.13262599769 -0.247257783212 -0.308141850106 0.193702826861 0.385298821019 -0.791859043987 -0.624982727918 0.20932685008 0.469655398751 -0.343983747159 -0.611682188909 
0.979066468919 0.604448820615 -1.23900148275 -0.300457229462 -0.390726244542 0.220393934379 -0.152643486684 0.682740189579 1.00419150644 -0.186791671655 -0.229673927011 -0.934071364105 0.745474902413 
-0.420682344018 0.435989354853 0.822749690271 0.0558660728948 0.53564698032 0.148186070407 -0.1337180686 -0.437726468062 -0.505213941634 -0.0942453452858 -0.335474716105 -0.0283922508473 -0.527398735576 
-0.980636050143 -1.42360323283 0.0832387792635 -0.690124364702 0.771660900645 0.386384326879 0.750518558966 0.389659507543 0.142599945768 0.628149330027 -0.366110225498 0.929569683538 -0.052477459303 
0.617386149689 0.333327510588 -0.15096788856 1.11556143063 -0.591145162894 -1.11868498496 -0.438199435294 0.301791262918 -0.185142228465 -0.750461747282 0.988404177888 -0.0768111762841 0.0189429716185 
0.904317514794 0.59188931822 -0.972479991301 -0.553812819494 -0.857675310936 0.6194476118 -0.148721782913 -0.184251535182 0.694195675674 0.270879315757 -0.260386335403 -0.866507405661 0.707204936231 
0.930685747522 0.711512788729 -1.04776663112 -0.466185036389 -0.641310470762 -0.117801624059 0.115375452608 0.0255681712954 0.761211078823 0.131976263937 -0.024580435499 -0.775610332961 0.58870066264 
-0.88646605916 -0.101611170974 0.0707086168109 -0.072334636354 0.0235651666009 0.36067088454 -0.0929920590789 0.0324742428372 0.0643241387199 0.1340727475 -0.505549653625 0.187880202221 -0.254751210514 
0.227379897071 -1.58844902025 1.18495355157 -0.812958795085 1.15398923839 0.57909810765 0.420075176653 0.181823635966 0.242809574925 0.732030614623 -0.34075086577 0.811632239166 -0.365299927309 
0.336108670917 0.482365781048 0.0324534006247 0.892776944876 -0.192076879401 -0.703648707208 -0.197625794516 -0.162229994107 -0.786335992104 -0.679150020827 0.866724202804 -0.116459052515 0.0956908343201 
-0.142411984027 -1.44298537664 0.960907236898 -0.56059462694 0.607646058613 0.0518971894822 0.0278353536126 0.637173384789 -0.508032969466 0.768669862651 -0.221508631276 0.549342733039 -0.0373296884416 
0.957416572263 0.626074609502 -1.12783149196 -0.144881480229 -0.621429878911 0.814180262094 0.794986404998 -0.445416809718 0.505917054182 -0.6096968371 -0.258186646 -0.293047220479 0.376899822191 
-0.896087972893 0.252811933799 -0.0657334986697 -0.44940038416 0.491924481652 0.265193383045 -0.458661927148 -0.119462025504 0.00784366730237 0.206933267465 -0.294427926028 0.145385067098 0.104453650418 
0.389011717887 0.424975845187 0.15684218182 1.09229077556 -0.57990277945 -0.982604502103 -0.123616509077 -0.0464473982107 0.0184642413831 -0.39894623743 0.721938406287 -0.39398346793 -0.382879140995 
